23h

00h

01h

02h

03h

04h

05h

06h

07h

08h

09h

10h

11h

12h

13h

14h

15h

16h

17h

18h

19h

20h

21h

22h

30

40

45

65

75

75

70

75

80

75

60

85

60

60

50

20

10

20

0

0

10

15

20

25

0

0

0

0

0

0

0

0

0

0

0

0

0

0

0

0

0

0

0

0

0

0

0

0

-

-

-

-

-

-

-

-

-

-

-

-

-

-

-

-

-

-

-

-

-

-

-

-

0

0

0

0

0

0

0

0

0

0

0

0

0

0

0

0

0

0

0

0

0

0

0

0

89

90

90

92

93

93

93

94

93

89

81

74

68

69

66

61

59

61

57

60

63

74

80

84

10

5

5

5

5

5

5

5

5

10

>20

>20

>20

>20

>20

>20

>20

>20

>20

>20

>20

>20

>20

>20

0

0

0

0

0

0

0

0

0

0

2

2

5

6

8

8

6

4

2

1

0

0

0

0

26 78

25 78

25 77

25 77

25 77

25 77

25 77

25 77

25 77

26 78

27 80

28 83

29 85

30 86

31 87

32 89

32 89

31 88

32 89

31 88

30 86

28 82

26 80

26 78

29 84

28 83

28 83

29 84

29 84

29 84

29 84

29 83

29 83

30 85

32 89

33 92

34 94

36 96

37 98

39 101

38 101

37 98

38 100

37 98

33 92

30 86

29 85

29 84

4900

4900

4900

4900

4900

4850

4850

4850

4850

4850

4850

4850

4850

4850

4850

4900

4900

4900

4850

4900

4900

4900

4900

4900

4600

4600

4600

4600

4600

4550

4550

4550

4550

4550

4550

4550

4550

4550

4550

4600

4600

4600

4550

4600

4600

4600

4600

4600

310° NW NW

330° NW NNW

310° NW NW

320° NW NW

315° NW NW

295° NW WNW

290° W WNW

260° W WSW

235° SW WSW

230° SW SW

240° SW WSW

290° W WNW

335° NW NNW

330° NW NNW

340° N NNW

340° N NNW

335° NW NNW

335° NW NNW

360° N N

5° N N

330° NW NNW

325° NW NW

345° N NNW

310° NW NW

3 5 1 3

3 6 2 4

3 5 1 3

2 3 1 2

1 2 1 1

1 2 1 1

1 2 1 1

2 3 1 2

2 3 1 2

2 3 1 2

1 1 0 1

1 2 1 1

3 6 2 4

5 10 3 6

6 12 3 7

7 13 4 8

9 16 4 10

9 16 4 10

5 9 3 6

3 6 2 4

5 9 3 6

4 8 2 5

3 6 2 4

3 6 2 4

8 14 4 9

8 14 4 9

8 14 4 9

8 14 4 9

4 7 2 4

4 7 2 4

5 9 3 6

4 8 2 5

4 7 2 4

4 7 2 4

4 8 2 5

4 7 2 4

8 15 4 9

11 21 6 13

12 22 6 14

15 27 8 17

16 30 8 19

19 36 10 22

17 32 9 20

11 20 6 12

12 22 6 14

12 22 6 14

12 22 6 14

9 16 4 10

1014

1014

1014

1013

1013

1013

1013

1013

1013

1013

1013

1013

1014

1013

1013

1012

1011

1011

1010

1010

1010

1011

1011

1012

l-l-pollen_tree_birch.unavailable

l-l-pollen_tree_olive.unavailable

0

0

0

0

0

0

0

0

0

0

0

0

0

0

0

0

0

0

0

0

0

0

0

0

0

0

0

0

0

0

0

0

0

0

0

0

0

0

0

0

0

0

0

0

0

0

0

0

2

2

2

2

2

2

2

2

2

2

2

2

2

2

2

2

3

3

3

3

2

2

2

3

81

77

74

74

74

78

84

82

82

84

86

95

97

95

88

90

93

93

93

91

90

95

99

105

46

46

46

46

46

50

53

52

52

53

54

58

59

58

54

53

51

55

57

54

54

58

60

63