04h

05h

06h

07h

08h

09h

10h

11h

12h

13h

14h

15h

16h

17h

18h

19h

20h

21h

22h

23h

00h

01h

02h

03h

70

75

70

60

60

60

65

70

65

70

80

75

65

65

65

65

65

60

20

25

30

35

45

45

0

0

0

0

0

0

0

0

0

0

0

0

0

0

0

0

0

0

0

0

0

0

0

0

-

-

-

-

-

-

-

-

-

-

-

-

-

-

-

-

-

45

45

40

40

35

30

30

0

0

0

0

0

0

0

0

0

0

0

0

0

0

0

0

0

89

90

90

87

82

77

74

71

67

63

61

60

61

62

67

72

77

78

80

82

84

85

85

86

4

3

3

5

10

15

>20

>20

>20

>20

>20

>20

>20

>20

>20

>20

>20

15

10

10

5

5

5

5

0

0

0

0

1

3

5

6

7

6

4

3

2

1

0

0

0

0

0

0

0

0

0

0

27 80

27 80

27 80

27 81

28 82

29 84

30 86

31 87

32 89

32 90

33 91

33 91

33 91

33 91

32 89

30 87

30 85

29 85

29 84

28 83

28 83

28 82

28 82

28 82

30 86

30 86

30 85

31 87

33 91

35 96

38 100

40 104

42 107

43 109

43 109

42 108

41 105

39 101

36 97

33 91

33 91

32 90

32 90

32 90

32 89

32 89

32 89

32 89

5800

5800

5750

5700

5700

5750

5750

5750

5750

5800

5800

5850

5850

5900

5900

5500

5500

5500

5500

5500

5500

5500

5500

5500

5500

5500

5450

5400

5400

5450

5450

5450

5450

5500

5500

5550

5550

5600

5600

5200

5200

5200

5200

5200

5200

5200

5200

5200

80° E E

70° E ENE

70° E ENE

75° E ENE

75° E ENE

75° E ENE

75° E ENE

80° E ENE

80° E E

80° E E

80° E ENE

80° E ENE

85° E E

85° E E

85° E E

90° E E

100° E ESE

95° E E

105° E ESE

100° E E

85° E E

85° E E

95° E E

100° E E

3 6 2 4

3 5 1 3

4 7 2 4

5 9 3 6

6 12 3 7

6 12 3 7

6 12 3 7

6 11 3 7

6 11 3 7

5 10 3 6

5 9 3 6

5 9 3 6

5 10 3 6

5 10 3 6

4 8 2 5

5 9 3 6

4 8 2 5

4 7 2 4

3 6 2 4

3 5 1 3

3 5 1 3

3 5 1 3

2 3 1 2

1 2 1 1

6 11 3 7

5 9 3 6

6 11 3 7

8 14 4 9

10 18 5 11

10 18 5 11

10 18 5 11

9 16 4 10

8 15 4 9

8 14 4 9

6 12 - 7

7 13 4 8

8 14 4 9

8 15 4 9

8 14 4 9

9 16 4 10

9 16 4 10

8 15 4 9

8 14 4 9

6 12 3 7

5 9 3 6

5 9 3 6

4 8 2 5

3 6 2 4

1000

1000

1001

1001

1002

1002

1002

1002

1002

1001

1000

1000

1000

999

999

1000

1000

1001

1001

1002

1002

1002

1001

1001

l-l-pollen_tree_birch.unavailable

l-l-pollen_tree_olive.unavailable

-

-

-

-

-

-

-

-

-

-

-

-

-

-

-

-

-

-

-

-

-

-

-

-

-

-

-

-

-

-

-

-

-

-

-

-

-

-

-

-

-

-

-

-

-

-

-

-

4

4

4

4

3

4

4

4

4

4

4

4

4

4

4

4

5

5

5

5

4

4

4

4

125

112

103

103

108

114

127

142

133

137

137

142

142

141

140

178

197

197

184

180

174

174

178

180

72

66

62

62

64

67

73

77

75

76

76

77

77

76

76

84

89

89

86

85

84

84

84

85